1000
25
48
37
12
57
86
33
92
59
23
12
11
15
33
89
21
24
79
26
90
56
33
45
78
120
123
57
35
23
43
25
48
37
12
57
86
33
92
59
23
12
11
15
33
89
21
24
79
26
90
56
33
45
78
120
123
57
35
23
43
25
48
37
12
57
86
33
92
59
23
12
11
15
33
89
21
24
79
26
90
56
33
45
78
120
123
57
35
23
43
11
24
67
21
3
7
97
55
32
30
25
48
37
12
57
86
33
92
59
23
12
11
15
33
89
21
24
79
26
90
56
33
45
78
120
123
57
35
23
43
25
48
37
12
57
86
33
92
59
23
12
11
15
33
89
21
24
79
26
90
56
33
45
78
120
123
57
35
23
43
25
48
37
12
57
86
33
92
59
23
12
11
15
33
89
21
24
79
26
90
56
33
45
78
120
123
57
35
23
43
11
24
67
21
3
7
97
55
32
30
25
48
37
12
57
86
33
92
59
23
12
11
15
33
89
21
24
79
26
90
56
33
45
78
120
123
57
35
23
43
25
48
37
12
57
86
33
92
59
23
12
11
15
33
89
21
24
79
26
90
56
33
45
78
120
123
57
35
23
43
25
48
37
12
57
86
33
92
59
23
12
11
15
33
89
21
24
79
26
90
56
33
45
78
120
123
57
35
23
43
11
24
67
21
3
7
97
55
32
30
25
48
37
12
57
86
33
92
59
23
12
11
15
33
89
21
24
79
26
90
56
33
45
78
120
123
57
35
23
43
25
48
37
12
57
86
33
92
59
23
12
11
15
33
89
21
24
79
26
90
56
33
45
78
120
123
57
35
23
43
25
48
37
12
57
86
33
92
59
23
12
11
15
33
89
21
24
79
26
90
56
33
45
78
120
123
57
35
23
43
11
24
67
21
3
7
97
55
32
30
25
48
37
12
57
86
33
92
59
23
12
11
15
33
89
21
24
79
26
90
56
33
45
78
120
123
57
35
23
43
25
48
37
12
57
86
33
92
59
23
12
11
15
33
89
21
24
79
26
90
56
33
45
78
120
123
57
35
23
43
25
48
37
12
57
86
33
92
59
23
12
11
15
33
89
21
24
79
26
90
56
33
45
78
120
123
57
35
23
43
11
24
67
21
3
7
97
55
32
30
25
48
37
12
57
86
33
92
59
23
12
11
15
33
89
21
24
79
26
90
56
33
45
78
120
123
57
35
23
43
25
48
37
12
57
86
33
92
59
23
12
11
15
33
89
21
24
79
26
90
56
33
45
78
120
123
57
35
23
43
25
48
37
12
57
86
33
92
59
23
12
11
15
33
89
21
24
79
26
90
56
33
45
78
120
123
57
35
23
43
11
24
67
21
3
7
97
55
32
30
25
48
37
12
57
86
33
92
59
23
12
11
15
33
89
21
24
79
26
90
56
33
45
78
120
123
57
35
23
43
25
48
37
12
57
86
33
92
59
23
12
11
15
33
89
21
24
79
26
90
56
33
45
78
120
123
57
35
23
43
25
48
37
12
57
86
33
92
59
23
12
11
15
33
89
21
24
79
26
90
56
33
45
78
120
123
57
35
23
43
11
24
67
21
3
7
97
55
32
30
25
48
37
12
57
86
33
92
59
23
12
11
15
33
89
21
24
79
26
90
56
33
45
78
120
123
57
35
23
43
25
48
37
12
57
86
33
92
59
23
12
11
15
33
89
21
24
79
26
90
56
33
45
78
120
123
57
35
23
43
25
48
37
12
57
86
33
92
59
23
12
11
15
33
89
21
24
79
26
90
56
33
45
78
120
123
57
35
23
43
11
24
67
21
3
7
97
55
32
30
25
48
37
12
57
86
33
92
59
23
12
11
15
33
89
21
24
79
26
90
56
33
45
78
120
123
57
35
23
43
25
48
37
12
57
86
33
92
59
23
12
11
15
33
89
21
24
79
26
90
56
33
45
78
120
123
57
35
23
43
25
48
37
12
57
86
33
92
59
23
12
11
15
33
89
21
24
79
26
90
56
33
45
78
120
123
57
35
23
43
11
24
67
21
3
7
97
55
32
30
25
48
37
12
57
86
33
92
59
23
12
11
15
33
89
21
24
79
26
90
56
33
45
78
120
123
57
35
23
43
25
48
37
12
57
86
33
92
59
23
12
11
15
33
89
21
24
79
26
90
56
33
45
78
120
123
57
35
23
43
25
48
37
12
57
86
33
92
59
23
12
11
15
33
89
21
24
79
26
90
56
33
45
78
120
123
57
35
23
43
11
24
67
21
3
7
97
55
32
30